149	56	149	58	148	59	135	59	135	61	134	62	121	62	121	63	120	64	112	64	112	71	113	71	114	72	114	74	117	74	117	72	118	71	131	71	131	70	132	69	143	69	143	67	144	66	176	66	177	67	177	69	181	69	182	70	182	71	184	71	184	70	185	69	187	69	187	62	185	62	184	61	184	59	177	59	176	58	176	56
144	72	144	74	143	75	135	75	135	77	134	78	124	78	124	79	123	80	115	80	115	82	114	83	77	83	75	81	75	80	68	80	66	78	62	78	61	77	59	77	58	76	58	75	54	75	54	77	53	78	51	78	51	82	53	82	54	83	54	85	56	85	57	86	57	87	62	87	63	88	63	90	75	90	76	91	76	93	114	93	114	91	115	90	125	90	125	88	126	87	137	87	137	86	138	85	149	85	149	83	150	82	151	82	151	72
73	128	73	130	72	131	70	131	70	165	155	165	155	158	156	157	156	150	157	149	158	149	158	147	159	146	159	131	158	130	158	128
34	171	34	173	33	174	33	175	34	176	34	202	36	202	37	203	37	205	195	205	195	203	196	202	197	202	197	200	198	199	198	198	197	197	197	192	196	192	195	191	195	179	196	178	197	178	197	176	196	176	195	175	195	171
51	222	51	234	109	234	110	235	110	237	179	237	179	235	180	234	181	234	181	224	79	224	78	223	78	222
40	248	40	250	39	251	37	251	37	253	38	253	39	254	39	261	81	261	82	262	82	263	194	263	194	262	195	261	195	251	143	251	143	253	142	254	135	254	134	253	134	251	56	251	55	250	55	248
45	272	45	274	47	274	48	275	48	279	89	279	90	280	90	282	187	282	187	275	101	275	100	274	100	272
62	283	62	290	74	290	75	291	75	292	75	291	76	290	77	290	78	291	78	293	78	291	79	290	80	290	81	291	81	293	170	293	170	286	87	286	86	285	86	283
75	293	74	294	42	294	42	301	47	301	48	302	49	302	50	301	66	301	67	302	75	302	76	301	83	301	84	302	84	303	85	303	86	304	86	302	87	301	89	301	90	302	90	304	92	304	92	302	93	301	109	301	110	302	110	304	110	302	111	301	117	301	118	302	118	304	137	304	138	303	190	303	190	296	112	296	111	295	111	294	76	294
50	302	49	303	48	303	48	309	50	309	51	310	51	311	120	311	121	312	121	314	184	314	184	307	138	307	137	306	137	305	118	305	117	304	111	304	110	305	109	304	93	304	92	305	90	305	89	304	87	304	86	305	85	304	76	304	75	303	67	303	66	302
