159	46	159	48	158	49	155	49	154	50	147	50	147	53	146	54	143	54	143	66	145	66	146	65	146	63	147	62	154	62	155	61	158	61	158	59	159	58	183	58	184	59	184	61	185	61	186	62	201	62	201	54	198	54	197	53	197	50	190	50	189	49	186	49	185	48	185	46
159	67	159	69	158	70	155	70	154	71	147	71	147	74	146	75	139	75	139	78	138	79	135	79	135	82	134	83	131	83	131	87	130	88	127	88	127	91	126	92	123	92	123	95	122	96	121	96	120	97	119	97	119	100	118	101	117	101	117	103	116	104	115	104	115	107	114	108	111	108	111	116	110	117	107	117	107	120	106	121	105	121	105	122	104	123	103	122	103	121	103	128	102	129	100	129	100	132	99	133	99	141	102	141	103	142	103	145	104	144	106	144	107	145	118	145	118	140	119	139	120	139	120	137	121	136	122	136	122	133	123	132	126	132	126	125	127	124	130	124	130	121	131	120	133	120	133	119	134	118	134	117	135	116	137	116	137	114	139	112	142	112	142	108	143	107	146	107	146	104	147	103	150	103	150	101	151	100	154	100	155	99	162	99	162	97	163	96	166	96	167	95	177	95	178	96	181	96	182	97	182	99	187	99	188	100	189	100	190	101	190	103	193	103	194	104	194	107	197	107	198	108	198	112	199	112	200	113	200	116	201	116	202	117	202	120	204	120	205	121	205	122	206	123	206	128	209	128	210	129	210	132	213	132	214	133	214	136	217	136	217	133	218	132	221	132	221	129	222	128	225	128	225	127	226	126	229	126	229	121	226	121	225	120	226	119	227	119	227	117	226	117	225	116	225	108	224	108	222	106	222	105	221	104	221	100	219	100	218	99	218	98	217	97	217	92	215	92	213	90	213	88	212	88	210	86	210	84	209	83	206	83	205	82	205	79	202	79	201	78	201	75	194	75	193	74	193	71	188	71	187	70	182	70	181	69	181	67
312	67	312	69	311	70	309	70	308	71	301	71	302	71	303	72	303	73	304	73	305	74	304	75	289	75	289	78	288	79	285	79	285	107	288	107	289	108	289	115	292	115	293	116	293	117	294	116	295	117	295	118	294	119	281	119	280	120	280	123	281	124	281	139	300	139	301	140	301	141	316	141	317	140	321	140	322	139	338	139	339	138	339	137	340	136	343	136	344	137	344	139	370	139	370	137	371	136	395	136	396	135	399	135	399	133	400	132	418	132	418	131	419	130	422	130	422	125	423	124	424	124	424	121	425	120	425	108	426	107	426	100	425	100	424	99	423	99	422	98	422	83	419	83	418	82	418	79	412	79	411	78	411	76	408	76	407	75	406	76	406	77	404	79	402	79	401	78	401	75	396	75	395	76	393	74	393	71	371	71	370	70	363	70	362	69	362	67
159	108	159	112	158	113	151	113	151	116	150	117	147	117	147	118	149	118	150	119	150	120	158	120	158	117	159	116	181	116	181	113	178	113	177	112	177	108
234	137	234	142	235	143	236	143	237	144	243	144	245	142	249	142	248	141	248	137
230	137	230	139	229	140	226	140	226	141	225	142	221	142	220	141	220	140	210	140	210	141	209	142	186	142	186	144	185	145	178	145	177	146	155	146	155	148	154	149	147	149	146	150	123	150	123	153	122	154	92	154	91	155	91	156	90	157	88	157	87	158	70	158	70	161	69	162	68	162	68	167	69	168	69	170	70	171	70	173	72	175	72	192	73	193	74	193	75	194	75	195	76	196	76	207	83	207	83	206	84	205	85	206	86	205	87	205	87	204	88	203	106	203	106	202	107	201	110	201	110	200	111	199	112	199	113	200	113	201	114	201	114	200	115	199	137	199	137	197	138	196	142	196	143	195	170	195	170	193	171	192	174	192	174	191	175	190	197	190	197	189	198	188	201	188	201	187	202	186	221	186	221	184	222	183	225	183	226	182	241	182	241	179	242	178	245	178	245	172	246	171	248	171	249	170	249	159	249	161	248	162	246	162	245	161	245	158	246	157	249	157	249	152	245	152	244	151	244	150	243	149	243	145	237	145	236	144	235	144	233	142	233	137
245	143	244	144	244	149	245	150	245	151	249	151	249	143
340	150	340	151	339	152	333	152	332	153	329	153	328	154	321	154	321	186	343	186	343	184	344	183	349	183	350	182	375	182	375	180	376	179	379	179	380	178	383	178	383	162	384	161	387	161	387	158	384	158	383	157	383	150	352	150	352	153	351	154	342	154	341	153	341	150
256	157	256	158	255	159	253	159	253	161	252	162	252	166	253	167	254	166	255	166	255	165	256	164
392	191	392	192	391	193	388	193	388	195	387	196	364	196	363	197	360	197	360	199	359	200	344	200	344	201	343	202	340	202	340	203	339	204	325	204	324	205	321	205	321	206	320	207	318	207	317	208	301	208	300	209	297	209	296	210	292	210	290	212	273	212	273	214	272	215	269	215	268	216	254	216	254	218	253	219	250	219	249	220	246	220	246	240	249	240	250	241	250	253	272	253	272	250	273	249	279	249	280	248	292	248	292	245	293	244	316	244	316	241	317	240	332	240	332	237	333	236	347	236	347	235	348	234	349	234	349	233	350	232	363	232	364	231	367	231	367	229	368	228	383	228	384	227	387	227	387	225	388	224	404	224	405	223	407	223	407	221	408	220	411	220	412	219	422	219	424	217	424	216	425	215	426	215	426	212	425	211	425	208	424	207	424	195	423	195	422	194	422	191
178	200	178	201	177	202	171	202	171	203	170	204	151	204	151	205	150	206	147	206	147	207	146	208	135	208	135	227	138	227	139	228	142	228	143	227	146	227	146	225	147	224	166	224	167	223	170	223	170	220	171	219	189	219	189	216	190	215	193	215	193	212	194	211	195	211	195	204	194	204	193	203	193	200
107	208	107	211	106	212	101	212	101	213	99	215	99	219	102	219	103	220	103	224	106	224	107	225	107	231	106	232	105	232	105	236	106	236	107	237	107	244	110	244	111	245	111	253	114	253	115	254	115	257	118	257	119	258	119	261	122	261	123	262	124	262	125	263	125	265	130	265	131	266	131	269	138	269	139	270	139	273	170	273	170	270	171	269	181	269	181	266	182	265	185	265	185	262	186	261	189	261	189	259	190	258	193	258	194	257	195	257	195	254	196	253	199	253	199	250	200	249	201	249	201	245	202	244	205	244	205	241	206	240	209	240	209	229	210	228	213	228	213	225	214	224	217	224	217	216	218	215	220	215	220	212	214	212	213	211	213	208	210	208	210	209	209	210	209	211	208	212	206	212	206	215	205	216	202	216	202	219	201	220	198	220	198	224	197	225	196	225	196	227	195	228	194	228	194	231	193	232	192	232	191	233	190	233	190	236	189	237	186	237	186	240	185	241	180	241	180	244	179	245	175	245	175	248	174	249	163	249	162	250	155	250	154	249	143	249	142	248	142	245	135	245	134	244	134	241	131	241	130	240	130	237	127	237	126	236	126	233	125	233	124	232	123	232	122	231	122	225	119	225	118	224	118	216	117	216	116	215	115	215	114	214	114	212	115	211	116	211	116	208
