0 0.8 44.60 33.04 103.88 33.04 103.88 53.49 44.60 53.49
0 0.8 370.41 45.63 447.53 51.40 445.96 75.52 368.84 69.75
0 0.8 51.94 52.97 84.99 55.59 83.95 67.13 50.89 64.51
0 0.8 208.29 47.73 342.60 54.54 341.03 83.39 206.72 76.57
0 0.8 221.93 71.85 332.63 79.19 331.06 102.79 220.36 95.45
0 0.8 245.02 93.88 299.58 97.55 298.53 110.66 243.97 106.99
0 0.8 231.37 105.42 322.14 111.71 321.09 126.39 230.33 120.10
0 0.8 16.26 137.41 153.73 147.37 152.15 168.88 14.69 158.91
0 0.8 335.78 144.23 472.72 151.04 471.67 173.07 334.73 166.25
0 0.8 19.41 156.81 153.20 162.58 152.68 178.84 18.89 173.07
0 0.8 330.54 164.68 414.48 168.35 412.91 199.29 328.96 195.62
0 0.8 234.00 191.95 315.32 194.57 314.27 220.27 232.95 217.65
0 0.8 272.30 220.80 296.96 220.80 296.96 232.33 272.30 232.33
0 0.8 375.66 224.47 447.01 227.09 445.96 260.65 374.61 258.03
0 0.8 262.85 232.33 300.63 232.33 300.63 245.45 262.85 245.45
0 0.8 245.02 243.87 311.12 245.97 310.60 259.08 244.49 256.98
0 0.8 260.23 256.98 304.30 258.56 303.78 269.57 259.71 268.00
0 0.8 262.33 270.62 300.10 270.62 300.10 282.16 262.33 282.16
0 0.8 372.51 313.62 373.03 339.32 256.56 341.95 256.03 316.25
0 0.8 433.37 314.67 435.99 358.73 254.46 370.79 251.84 326.74