0 0.8 38.46 19.10 49.57 19.10 49.57 25.03 38.46 25.03
0 0.8 73.83 33.81 76.67 54.45 23.75 61.94 20.91 41.29
0 0.8 28.14 66.32 137.34 71.48 135.53 110.71 26.33 105.81
0 0.8 72.54 110.71 169.86 114.32 168.57 151.48 71.25 147.87
0 0.8 174.51 147.10 191.81 204.90 14.46 258.06 -2.84 200.26
0 0.8 56.54 244.90 80.29 244.90 80.29 253.42 56.54 253.42
0 0.8 94.74 245.16 136.82 246.19 136.56 255.48 94.48 254.45
0 0.8 39.24 264.26 68.15 264.26 68.15 274.32 39.24 274.32
0 0.8 97.07 265.03 131.14 265.03 131.14 279.23 97.07 279.23
0 0.8 56.79 294.97 78.74 296.52 78.48 299.87 56.54 298.32
0 0.8 87.26 296.52 133.72 296.52 133.72 301.94 87.26 301.94