0 0.8 38.69 7.06 162.13 11.06 160.60 52.82 37.15 48.83
0 0.8 43.60 37.47 142.79 38.69 142.48 62.03 43.30 60.81
0 0.8 33.78 54.36 157.52 57.43 156.91 88.45 33.16 85.37
0 0.8 16.27 69.40 175.95 76.78 174.41 113.32 14.74 105.95
0 0.8 144.93 94.59 145.55 129.60 33.16 132.05 32.55 97.04
0 0.8 -3.07 112.71 190.38 131.13 186.39 176.28 -7.06 157.85
0 0.8 38.38 155.70 43.30 170.75 9.52 182.11 4.61 167.06
0 0.8 55.27 151.71 179.94 168.29 175.33 202.69 50.67 186.10
0 0.8 40.23 172.59 43.60 187.95 15.05 194.40 11.67 179.04
0 0.8 -10.44 181.50 175.95 185.49 175.33 223.88 -11.05 219.88
0 0.8 15.97 205.76 157.22 214.05 154.45 258.58 13.20 250.29
0 0.8 39.30 282.53 40.84 312.94 -5.22 315.39 -6.76 284.99
0 0.8 35.01 290.83 138.49 300.04 136.95 318.16 33.47 308.94