0 0.8 403.62 91.85 405.43 160.62 45.25 170.12 43.44 101.35
0 0.8 200.45 144.33 289.14 144.33 289.14 158.36 200.45 158.36
0 0.8 285.52 143.88 372.40 152.47 371.04 167.40 284.16 158.81
0 0.8 193.67 143.43 195.02 158.36 115.84 166.05 114.48 151.12
0 0.8 339.82 230.75 370.14 230.75 370.14 237.08 339.82 237.08
0 0.8 61.09 232.56 173.76 232.56 173.76 254.73 61.09 254.73
0 0.8 292.76 234.82 421.72 237.99 421.27 260.16 292.31 256.99
0 0.8 293.21 254.73 385.07 262.42 382.81 286.40 290.95 278.71
0 0.8 375.57 261.97 412.22 261.97 412.22 274.63 375.57 274.63
0 0.8 332.58 284.59 375.11 285.95 374.66 297.26 332.13 295.90
0 0.8 432.13 316.71 476.02 318.97 475.57 331.64 431.67 329.38