0 0.8 120.24 79.00 253.23 97.86 245.07 154.43 112.09 135.58
0 0.8 109.04 146.79 257.81 149.34 256.79 212.54 108.02 209.99
0 0.8 123.30 202.34 252.21 211.52 248.13 268.60 119.23 259.43
0 0.8 263.42 255.86 263.93 298.67 103.94 301.22 103.43 258.41
0 0.8 300.10 311.93 301.63 382.77 70.82 387.36 69.29 316.51
0 0.8 150.31 398.06 190.56 400.10 190.05 413.35 149.80 411.31
0 0.8 192.09 400.10 211.45 400.10 211.45 412.33 192.09 412.33
0 0.8 130.94 403.67 256.28 403.67 256.28 447.50 130.94 447.50
0 0.8 208.90 444.44 209.41 453.62 170.18 455.15 169.67 445.97
0 0.8 161.01 456.17 211.96 457.70 211.45 476.04 160.50 474.52
0 0.8 164.57 475.03 208.90 475.03 208.90 484.20 164.57 484.20