0 0.8 124.90 89.66 125.67 120.69 54.02 122.61 53.26 91.57
0 0.8 209.20 110.35 367.05 116.48 365.52 155.18 207.66 149.05
0 0.8 63.98 153.26 82.38 157.48 80.46 166.29 62.07 162.07
0 0.8 207.28 145.98 365.13 147.51 364.75 189.28 206.90 187.74
0 0.8 49.43 170.12 128.35 170.12 128.35 202.30 49.43 202.30
0 0.8 167.05 207.67 222.22 207.67 222.22 223.76 167.05 223.76
0 0.8 365.90 210.73 453.26 212.27 452.87 232.19 365.52 230.66
0 0.8 45.59 211.50 132.95 212.65 132.57 232.57 45.21 231.42
0 0.8 252.87 217.63 350.96 219.93 350.57 238.70 252.49 236.40
0 0.8 174.71 222.99 220.69 224.14 220.31 236.40 174.33 235.26
0 0.8 194.25 254.03 234.10 261.31 229.12 287.75 189.27 280.47
0 0.8 329.50 270.12 329.89 283.53 233.72 284.30 233.33 270.89