0 0.8 23.66 27.76 98.73 30.04 97.82 56.44 22.75 54.16
0 0.8 40.49 55.07 86.90 55.07 86.90 68.27 40.49 68.27
0 0.8 117.83 47.79 241.58 77.38 233.85 109.69 110.10 80.11
0 0.8 158.78 86.48 189.72 91.49 188.35 99.23 157.42 94.22
0 0.8 125.11 90.12 177.89 101.50 174.70 116.07 121.93 105.14
0 0.8 423.11 124.71 434.03 158.85 323.02 195.72 312.10 161.58
0 0.8 306.64 153.39 313.01 172.05 266.15 187.07 260.24 168.41
0 0.8 464.97 151.57 474.07 213.02 257.51 245.79 248.41 184.34
0 0.8 47.32 206.19 101.91 210.74 100.55 225.31 45.95 220.75
0 0.8 54.60 221.66 97.82 221.66 97.82 234.41 54.60 234.41
0 0.8 47.32 231.68 96.45 233.04 96.00 248.97 46.86 247.61
0 0.8 433.58 236.68 435.85 252.16 282.07 274.01 279.80 258.53
0 0.8 464.06 249.43 465.88 263.99 280.25 284.93 278.43 270.37
0 0.8 471.79 263.08 472.70 277.19 403.55 283.11 402.64 269.00
0 0.8 387.17 271.28 388.08 283.57 298.00 291.76 297.09 279.47
0 0.8 -0.91 309.97 381.26 309.97 381.26 334.54 -0.91 334.54