0 0.8 414.66 -8.94 520.55 -8.94 520.55 81.80 414.66 81.80
0 0.8 107.69 66.16 358.36 66.16 358.36 125.61 107.69 125.61
0 0.8 427.61 77.78 517.43 78.23 517.43 155.56 427.61 155.56
0 0.8 331.55 96.11 337.35 209.20 134.94 219.93 129.13 106.84
0 0.8 250.67 196.24 367.29 196.24 367.29 245.41 250.67 245.41
0 0.8 115.28 202.50 217.61 204.73 216.71 243.62 114.39 241.39
0 0.8 431.64 227.53 515.64 227.53 515.64 295.92 431.64 295.92
0 0.8 272.12 233.34 362.82 233.34 362.82 280.28 272.12 280.28
0 0.8 269.88 244.96 273.91 256.14 254.69 262.40 250.67 251.22
0 0.8 108.58 240.04 236.37 240.04 236.37 281.62 108.58 281.62
0 0.8 455.76 304.86 506.26 304.86 506.26 329.89 455.76 329.89