0 0.8 186.82 30.22 264.44 31.58 263.54 70.82 185.92 69.47
0 0.8 273.01 37.89 300.54 56.39 289.71 72.17 262.18 54.13
0 0.8 120.04 152.02 120.49 164.65 70.40 166.00 69.95 153.37
0 0.8 78.97 170.06 148.01 170.06 148.01 191.71 78.97 191.71
0 0.8 399.82 177.28 400.27 188.55 356.05 190.81 355.60 179.53
0 0.8 398.47 187.65 399.37 200.73 356.50 202.99 355.60 189.91
0 0.8 82.13 189.46 142.15 189.46 142.15 208.85 82.13 208.85
0 0.8 398.92 202.09 399.37 210.21 356.95 211.56 356.50 203.44
0 0.8 329.42 203.44 329.87 217.88 286.10 219.23 285.65 204.79
0 0.8 89.80 207.95 133.57 207.95 133.57 227.80 89.80 227.80
0 0.8 229.24 211.56 275.27 211.56 275.27 224.64 229.24 224.64
0 0.8 285.65 220.13 334.39 220.13 334.39 234.57 285.65 234.57
0 0.8 217.96 223.74 283.39 223.74 283.39 237.72 217.96 237.72
0 0.8 296.48 235.92 321.75 235.92 321.75 248.10 296.48 248.10
0 0.8 121.84 247.65 306.86 249.45 306.41 269.30 121.39 267.49