0 0.8 193.04 14.09 234.47 14.09 234.47 24.45 193.04 24.45
0 0.8 25.68 24.45 72.91 24.45 72.91 37.30 25.68 37.30
0 0.8 269.68 23.21 270.09 37.30 156.17 38.54 155.76 24.45
0 0.8 14.91 33.15 43.91 33.15 43.91 42.27 14.91 42.27
0 0.8 44.32 33.15 115.16 33.15 115.16 44.76 44.32 44.76
0 0.8 204.23 34.81 269.26 34.81 269.26 44.76 204.23 44.76
0 0.8 154.10 39.78 261.39 41.03 260.98 58.02 153.69 56.77
0 0.8 103.15 41.03 103.56 55.12 4.97 56.36 4.56 42.27
0 0.8 363.71 67.55 365.37 155.40 113.92 160.37 112.26 72.52
0 0.8 183.93 121.01 308.20 123.49 307.37 155.82 183.10 153.33
0 0.8 115.99 140.48 366.20 146.70 364.54 214.25 114.33 208.03
0 0.8 267.61 217.56 268.02 244.08 161.56 245.74 161.14 219.22
0 0.8 113.09 243.67 176.06 243.67 176.06 257.34 113.09 257.34
0 0.8 430.82 267.29 468.93 268.53 468.52 283.45 430.41 282.21
0 0.8 463.96 281.38 464.79 293.40 434.13 295.05 433.31 283.04
0 0.8 158.66 280.96 213.75 280.96 213.75 298.37 158.66 298.37