0 0.8 343.44 77.82 347.51 115.37 179.19 133.47 175.11 95.92
0 0.8 286.43 112.21 323.98 112.21 323.98 123.52 286.43 123.52
0 0.8 282.35 114.92 283.26 126.23 196.38 134.83 195.48 123.52
0 0.8 481.00 116.73 483.26 149.76 328.05 159.26 325.79 126.23
0 0.8 209.05 139.35 211.31 167.86 94.57 176.45 92.31 147.95
0 0.8 438.01 145.24 440.72 181.43 341.63 189.12 338.91 152.93
0 0.8 132.13 169.67 182.35 169.67 182.35 189.57 132.13 189.57
0 0.8 94.57 179.62 174.21 190.03 171.49 210.84 91.86 200.43
0 0.8 498.64 190.03 499.55 215.82 165.61 227.58 164.71 201.79
0 0.8 101.81 229.84 165.61 229.84 165.61 249.30 101.81 249.30
0 0.8 347.51 235.27 416.29 235.27 416.29 250.20 347.51 250.20