0 0.8 131.50 65.73 374.11 72.86 371.56 153.36 128.95 146.23
0 0.8 146.79 131.96 219.67 131.96 219.67 148.27 146.79 148.27
0 0.8 240.06 132.47 351.68 135.53 351.17 151.32 239.55 148.27
0 0.8 155.96 145.72 344.55 149.29 344.04 166.61 155.45 163.04
0 0.8 156.98 159.99 343.53 163.55 343.02 181.39 156.47 177.82
0 0.8 159.53 174.25 341.49 178.84 340.98 196.16 159.02 191.58
0 0.8 162.59 188.01 339.45 191.58 338.94 210.43 162.08 206.86
0 0.8 189.60 204.31 313.46 206.35 312.95 223.68 189.09 221.64
0 0.8 181.96 220.62 319.06 223.17 318.55 236.92 181.45 234.38
0 0.8 130.48 215.52 374.11 221.64 372.07 302.14 128.44 296.03
0 0.8 294.60 265.96 295.62 304.18 209.99 306.73 208.97 268.51