0 0.8 154.61 4.20 244.20 4.20 244.20 19.40 154.61 19.40
0 0.8 67.60 3.23 67.92 20.37 -4.53 21.67 -4.85 4.53
0 0.8 228.03 15.52 242.59 15.52 242.59 28.46 228.03 28.46
0 0.8 28.14 19.08 28.79 34.60 -3.88 35.89 -4.53 20.37
0 0.8 -4.85 34.28 61.13 34.28 61.13 51.42 -4.85 51.42
0 0.8 192.78 34.28 244.53 34.28 244.53 51.42 192.78 51.42
0 0.8 74.72 29.10 160.75 32.66 159.46 65.32 73.42 61.76
0 0.8 50.46 48.83 201.51 56.91 198.60 112.86 47.55 104.77
0 0.8 60.49 66.94 67.60 75.35 51.75 89.25 44.31 80.84
0 0.8 45.28 86.99 53.69 93.13 44.64 105.42 35.90 98.95
0 0.8 172.40 88.60 173.37 130.96 62.75 133.55 61.78 91.19
0 0.8 47.55 109.62 69.87 157.48 43.99 169.45 21.67 121.91
0 0.8 180.49 128.38 189.22 131.29 184.04 146.49 175.31 143.58
0 0.8 174.02 121.26 175.63 167.51 63.40 171.06 61.78 124.82
0 0.8 105.12 163.95 135.53 163.95 135.53 177.21 105.12 177.21
0 0.8 -4.85 173.33 37.20 173.33 37.20 191.11 -4.85 191.11
0 0.8 61.78 167.18 165.28 168.15 164.96 206.63 61.46 205.66
0 0.8 -3.88 199.20 62.43 199.20 62.43 213.75 -3.88 213.75
0 0.8 4.53 213.10 44.64 215.36 43.99 229.27 3.88 227.01