0 0.8 278.73 96.82 279.64 124.42 206.33 126.68 205.43 99.09
0 0.8 233.48 118.99 264.25 120.80 263.35 132.57 232.58 130.76
0 0.8 51.58 122.61 160.18 125.33 159.73 144.33 51.13 141.62
0 0.8 336.20 127.14 418.10 128.49 417.65 149.31 335.75 147.95
0 0.8 55.20 158.36 96.83 161.07 95.93 173.74 54.30 171.02
0 0.8 52.94 167.40 100.00 167.40 100.00 181.88 52.94 181.88
0 0.8 378.28 167.40 427.15 168.76 426.70 186.86 377.83 185.50
0 0.8 201.36 171.48 359.73 172.83 359.28 199.08 200.90 197.72
0 0.8 58.37 190.03 94.57 191.84 94.12 203.15 57.92 201.34
0 0.8 380.54 197.72 428.96 199.53 428.51 212.20 380.09 210.39
0 0.8 49.77 199.98 98.64 202.24 98.19 213.55 49.32 211.29
0 0.8 196.38 195.00 363.80 196.36 363.35 224.41 195.93 223.06
0 0.8 60.63 211.29 92.76 211.29 92.76 219.44 60.63 219.44
0 0.8 383.71 215.36 426.24 217.17 425.79 228.03 383.26 226.22
0 0.8 57.01 217.63 94.57 218.98 94.12 229.84 56.56 228.49
0 0.8 45.25 242.96 159.73 242.96 159.73 266.49 45.25 266.49
0 0.8 214.93 242.96 295.02 242.96 295.02 267.40 214.93 267.40
0 0.8 315.84 242.51 435.29 242.51 435.29 267.85 315.84 267.85
0 0.8 207.69 281.87 267.42 281.87 267.42 296.35 207.69 296.35