0 0.8 51.83 86.68 115.80 89.11 114.99 110.99 51.02 108.56
0 0.8 193.13 92.35 257.92 95.19 257.11 116.66 192.32 113.82
0 0.8 89.48 117.87 218.24 121.92 217.43 145.42 88.67 141.37
0 0.8 54.66 142.99 253.87 147.85 253.46 167.29 54.26 162.43
0 0.8 79.36 157.97 230.79 161.22 230.38 177.82 78.95 174.58
0 0.8 70.86 166.48 236.46 171.75 235.65 192.41 70.05 187.14
0 0.8 126.73 187.54 180.99 188.76 180.58 200.10 126.33 198.89
0 0.8 96.77 195.65 210.95 197.27 210.54 209.82 96.36 208.20
0 0.8 113.77 206.58 182.61 207.80 182.20 216.30 113.37 215.09
0 0.8 63.97 213.47 240.51 213.47 240.51 226.03 63.97 226.03
0 0.8 172.89 225.22 173.29 230.48 132.40 232.10 131.99 226.84