0 0.8 267.87 -19.91 277.83 9.05 216.29 28.96 206.79 0.00
0 0.8 300.00 22.17 312.67 85.96 175.11 113.56 162.44 49.77
0 0.8 249.77 69.68 254.30 91.85 224.89 97.73 220.36 75.56
0 0.8 369.68 85.96 372.40 131.21 160.18 143.43 157.47 98.18
0 0.8 219.91 137.09 272.40 137.09 272.40 162.88 219.91 162.88
0 0.8 227.15 166.50 268.78 178.26 262.44 200.89 220.81 189.12
0 0.8 305.43 188.67 370.59 195.00 369.23 210.39 304.07 204.05
0 0.8 205.43 209.93 328.96 209.93 328.96 285.95 205.43 285.95
0 0.8 128.05 233.01 161.09 268.75 125.34 301.78 92.31 266.04
0 0.8 169.68 273.73 345.70 275.99 345.25 310.38 169.23 308.12
0 0.8 152.49 307.66 358.37 307.66 358.37 324.40 152.49 324.40