0 0.8 323.65 77.45 328.24 107.51 181.45 130.43 176.86 100.37
0 0.8 382.26 100.88 388.89 161.51 130.48 189.03 123.85 128.40
0 0.8 288.99 164.06 291.54 185.46 208.46 194.63 205.91 173.23
0 0.8 299.69 222.66 300.20 233.36 266.06 234.88 265.55 224.18
0 0.8 369.52 231.32 370.54 245.58 295.11 249.66 294.09 235.39
0 0.8 286.44 237.43 286.95 250.17 225.28 253.23 224.77 240.49
0 0.8 204.38 242.02 204.89 254.76 155.45 256.28 154.94 243.55
0 0.8 369.52 248.13 370.03 264.44 298.17 266.98 297.66 250.68
0 0.8 226.81 254.76 271.15 254.76 271.15 269.02 226.81 269.02
0 0.8 207.44 256.28 207.95 268.51 150.87 271.06 150.36 258.83
0 0.8 312.95 287.87 361.37 287.87 361.37 312.84 312.95 312.84