0 0.8 164.05 34.13 297.82 54.54 289.72 108.39 155.95 87.98
0 0.8 147.15 37.30 153.14 105.92 7.39 118.59 1.41 49.97
0 0.8 77.45 86.22 242.90 87.27 242.55 125.28 77.10 124.22
0 0.8 20.07 116.48 298.88 118.59 298.53 166.10 19.71 163.99
0 0.8 178.83 156.24 179.54 170.32 144.33 172.08 143.63 158.00
0 0.8 137.65 157.30 142.22 199.18 22.53 212.20 17.95 170.32
0 0.8 305.92 160.47 306.97 208.68 114.06 212.90 113.00 164.69
0 0.8 143.28 201.29 278.11 201.29 278.11 229.44 143.28 229.44
0 0.8 134.48 201.99 134.83 228.03 47.88 229.09 47.52 203.05
0 0.8 143.98 250.55 198.55 250.55 198.55 259.00 143.98 259.00
0 0.8 59.85 252.67 91.18 252.67 91.18 258.65 59.85 258.65