0 0.8 174.22 42.53 174.51 89.98 25.47 90.85 25.18 43.40
0 0.8 31.54 81.59 171.33 83.62 171.04 103.58 31.26 101.56
0 0.8 32.12 100.98 171.62 102.42 171.33 117.18 31.83 115.73
0 0.8 48.62 131.93 157.15 131.93 157.15 151.03 48.62 151.03
0 0.8 46.30 154.79 145.57 155.95 145.28 167.81 46.01 166.65
0 0.8 40.52 170.99 140.94 172.44 140.65 185.17 40.23 183.73
0 0.8 139.49 173.89 169.30 173.89 169.30 183.15 139.49 183.15
0 0.8 43.99 183.15 63.96 183.15 63.96 189.22 43.99 189.22
0 0.8 67.14 182.86 91.45 182.86 91.45 189.80 67.14 189.80
0 0.8 90.00 181.99 131.68 181.99 131.68 190.96 90.00 190.96
0 0.8 35.02 188.64 175.67 188.64 175.67 200.51 35.02 200.51
0 0.8 48.91 196.75 159.75 199.64 158.88 234.65 48.04 231.75
0 0.8 75.82 238.12 151.07 238.99 150.78 252.30 75.53 251.43
0 0.8 78.43 250.85 152.23 250.85 152.23 263.87 78.43 263.87