0 0.8 190.11 47.30 191.74 71.44 105.00 77.64 103.37 53.50
0 0.8 156.85 65.24 157.50 97.86 43.70 100.14 43.04 67.52
0 0.8 63.59 120.69 168.91 120.69 168.91 170.60 63.59 170.60
0 0.8 25.76 160.16 204.78 161.47 204.46 212.35 25.43 211.05
0 0.8 40.76 216.92 185.54 219.53 185.22 238.45 40.43 235.84
0 0.8 36.20 244.32 196.96 246.61 196.63 265.52 35.87 263.24
0 0.8 45.00 267.16 188.48 271.72 188.15 286.08 44.67 281.51
0 0.8 57.39 280.53 175.11 283.79 174.78 295.21 57.07 291.95
0 0.8 41.74 289.01 97.17 290.64 96.85 303.36 41.41 301.73
0 0.8 97.50 292.27 145.11 293.90 144.78 304.02 97.17 302.39
0 0.8 147.07 294.23 191.09 294.23 191.09 304.34 147.07 304.34
0 0.8 47.93 300.43 183.59 304.67 183.26 314.78 47.61 310.54