0 0.8 393.67 -2.26 408.14 129.85 84.62 165.14 70.14 32.58
0 0.8 304.07 78.73 304.98 133.92 182.81 136.19 181.90 80.99
0 0.8 368.33 93.20 382.81 104.51 368.78 123.07 354.30 111.75
0 0.8 115.38 117.18 228.96 119.45 228.05 154.74 114.48 152.47
0 0.8 233.94 122.16 355.20 126.23 354.30 158.36 233.03 154.28
0 0.8 105.88 147.04 392.31 149.31 391.86 194.10 105.43 191.84
0 0.8 111.76 189.12 240.27 189.12 240.27 219.44 111.76 219.44
0 0.8 274.21 190.48 389.59 190.48 389.59 218.98 274.21 218.98
0 0.8 263.80 214.91 320.36 217.17 319.00 246.58 262.44 244.32
0 0.8 187.78 218.53 243.89 223.51 241.63 248.85 185.52 243.87
0 0.8 99.10 255.18 228.96 255.18 228.96 281.87 99.10 281.87
0 0.8 264.71 255.63 326.70 255.63 326.70 282.33 264.71 282.33