0 0.8 48.93 17.83 461.77 27.00 458.72 180.37 45.87 171.20
0 0.8 238.53 130.94 243.63 145.72 188.58 165.59 183.49 150.82
0 0.8 284.40 165.59 387.36 176.80 381.75 226.73 278.80 215.52
0 0.8 451.58 216.54 452.09 267.49 80.02 269.02 79.51 218.07
0 0.8 87.67 259.34 256.37 259.34 256.37 282.27 87.67 282.27
0 0.8 268.09 259.34 439.86 259.34 439.86 280.23 268.09 280.23
0 0.8 91.23 276.15 159.53 276.15 159.53 305.71 91.23 305.71
0 0.8 232.93 275.65 296.64 277.68 295.62 304.18 231.91 302.14
0 0.8 85.12 301.63 448.52 301.63 448.52 332.71 85.12 332.71
0 0.8 72.38 338.82 179.92 338.82 179.92 352.58 72.38 352.58
0 0.8 198.27 341.88 375.64 341.88 375.64 354.11 198.27 354.11
0 0.8 374.62 344.43 414.37 344.43 414.37 353.09 374.62 353.09