0 0.8 123.19 5.86 358.30 11.28 356.05 112.32 120.94 106.91
0 0.8 173.29 81.65 292.42 83.90 291.97 110.97 172.83 108.71
0 0.8 210.74 117.73 238.72 117.73 238.72 129.46 210.74 129.46
0 0.8 368.23 118.64 384.93 185.40 333.48 198.03 316.79 131.27
0 0.8 162.45 120.89 305.51 122.24 304.60 201.64 161.55 200.28
0 0.8 132.22 130.82 139.89 181.34 96.57 187.65 88.90 137.58
0 0.8 291.06 151.11 326.26 157.43 320.85 186.30 285.65 179.53
0 0.8 32.04 201.18 70.85 201.18 70.85 212.01 32.04 212.01
0 0.8 13.54 183.14 458.94 184.95 458.48 257.57 13.09 255.77
0 0.8 437.27 201.18 437.73 212.91 401.62 214.72 401.17 202.99
0 0.8 132.22 241.78 329.87 241.78 329.87 320.72 132.22 320.72