0 0.8 48.11 -11.10 52.34 2.64 6.87 16.91 2.64 2.64
0 0.8 912.98 17.44 957.39 24.31 954.22 45.98 909.81 39.11
0 0.8 628.04 11.10 628.57 67.12 412.35 69.24 411.82 13.21
0 0.8 873.33 39.11 1012.37 41.75 1011.84 75.05 872.81 72.41
0 0.8 -16.39 43.34 99.39 43.34 99.39 118.39 -16.39 118.39
0 0.8 125.29 52.32 249.52 71.35 242.65 116.28 118.42 97.25
0 0.8 653.41 44.93 654.47 135.83 376.93 138.48 375.87 47.57
0 0.8 87.23 97.25 220.45 114.16 216.22 149.05 83.00 132.13
0 0.8 829.98 113.63 830.51 124.73 780.29 126.32 779.76 115.22
0 0.8 843.73 115.22 871.75 115.22 871.75 124.73 843.73 124.73
0 0.8 -4.76 115.75 66.08 115.75 66.08 132.13 -4.76 132.13
0 0.8 590.50 125.79 591.03 151.16 475.79 153.80 475.26 128.43
0 0.8 1025.06 184.46 1028.23 284.35 431.38 303.91 428.21 204.01
0 0.8 426.09 206.66 428.74 302.32 -3.17 313.42 -5.82 217.76
0 0.8 962.15 264.27 963.20 342.49 739.06 345.66 738.00 267.44
0 0.8 697.82 288.05 698.88 343.55 555.61 346.72 554.56 291.22
0 0.8 400.72 294.92 511.74 294.92 511.74 353.06 400.72 353.06
0 0.8 390.15 299.15 417.64 326.63 389.09 355.70 361.60 328.22
0 0.8 316.66 298.62 319.31 357.82 143.79 365.74 141.15 306.55