0 0.8 457.92 0.00 486.43 0.00 486.43 11.76 457.92 11.76
0 0.8 86.43 2.26 87.33 19.91 27.15 23.53 26.24 5.88
0 0.8 358.82 40.27 449.32 40.27 449.32 55.65 358.82 55.65
0 0.8 185.97 37.10 186.88 69.22 73.76 73.30 72.85 41.17
0 0.8 461.09 47.51 461.99 99.99 329.86 102.71 328.96 50.22
0 0.8 200.00 59.72 202.26 103.16 65.61 109.94 63.35 66.51
0 0.8 266.52 82.80 303.62 88.68 301.36 103.61 264.25 97.73
0 0.8 387.33 107.23 408.60 107.23 408.60 121.26 387.33 121.26
0 0.8 388.69 101.80 390.05 127.14 286.43 132.11 285.07 106.78
0 0.8 230.32 94.11 231.22 152.93 24.43 155.64 23.53 96.82
0 0.8 177.38 145.24 212.22 147.50 211.31 161.07 176.47 158.81
0 0.8 431.67 132.57 432.58 199.08 280.09 201.34 279.19 134.83
0 0.8 152.04 145.69 152.49 162.88 49.32 164.24 48.87 147.04
0 0.8 146.61 174.64 218.10 174.64 218.10 190.03 146.61 190.03
0 0.8 44.80 175.10 125.34 175.10 125.34 190.93 44.80 190.93
0 0.8 128.96 190.03 226.70 190.03 226.70 214.01 128.96 214.01
0 0.8 446.15 180.07 447.51 242.51 237.10 247.04 235.75 184.60
0 0.8 44.80 196.81 88.24 196.81 88.24 216.72 44.80 216.72
0 0.8 122.62 209.03 229.41 210.84 228.96 236.18 122.17 234.37
0 0.8 42.99 214.01 86.88 216.27 85.97 236.63 42.08 234.37
0 0.8 187.33 233.01 217.19 233.01 217.19 244.77 187.33 244.77
0 0.8 117.19 236.18 137.56 236.18 137.56 244.77 117.19 244.77
0 0.8 454.75 236.18 455.66 261.06 338.46 266.04 337.56 241.15
0 0.8 334.39 237.53 335.29 265.13 252.49 267.40 251.58 239.80
0 0.8 402.71 253.82 447.51 255.18 447.06 267.85 402.26 266.49
0 0.8 257.01 275.54 392.31 275.54 392.31 289.11 257.01 289.11
0 0.8 403.17 277.35 444.80 280.06 443.89 291.38 402.26 288.66
0 0.8 142.53 280.06 144.34 293.64 113.12 298.16 111.31 284.59
0 0.8 71.95 294.54 112.67 297.26 111.76 308.57 71.04 305.85
0 0.8 119.46 299.07 143.89 299.07 143.89 309.02 119.46 309.02
0 0.8 437.10 299.07 437.56 313.09 261.99 314.00 261.54 299.97