0 0.8 302.35 15.79 303.25 73.53 162.00 76.23 161.10 18.49
0 0.8 101.53 109.16 364.17 112.32 363.72 146.15 101.08 142.99
0 0.8 174.64 133.97 288.81 139.84 286.55 181.79 172.38 175.92
0 0.8 107.40 173.67 356.05 176.38 355.60 191.71 106.95 189.01
0 0.8 129.96 189.46 314.98 191.26 314.53 202.09 129.51 200.28
0 0.8 118.68 198.48 219.31 199.83 218.86 207.50 118.23 206.15
0 0.8 224.28 197.58 298.74 199.38 298.29 208.85 223.83 207.05
0 0.8 119.13 206.60 267.15 206.60 267.15 215.62 119.13 215.62
0 0.8 240.52 213.36 346.57 213.36 346.57 222.84 240.52 222.84
0 0.8 148.47 213.82 218.41 213.82 218.41 222.84 148.47 222.84
0 0.8 155.23 217.42 347.02 219.23 346.57 232.76 154.78 230.96
0 0.8 118.23 221.93 161.10 221.93 161.10 229.60 118.23 229.60
0 0.8 167.42 231.86 277.98 231.86 277.98 239.53 167.42 239.53
0 0.8 133.57 232.31 165.16 232.31 165.16 254.41 133.57 254.41