0 0.8 300.71 2.91 304.35 14.57 262.48 28.04 258.84 16.75
0 0.8 207.87 -6.55 209.69 57.90 2.55 63.72 0.73 -0.73
0 0.8 307.99 15.66 313.81 44.06 253.01 56.44 247.19 28.04
0 0.8 -14.93 22.94 333.83 24.03 333.47 181.70 -15.29 180.61
0 0.8 245.01 105.96 245.37 130.72 78.27 131.82 77.91 107.05
0 0.8 262.84 128.54 263.21 154.76 63.71 157.30 63.34 131.09
0 0.8 285.78 162.77 286.14 203.91 26.94 206.10 26.58 164.95
0 0.8 268.30 217.02 299.25 217.02 299.25 231.95 268.30 231.95
0 0.8 115.77 222.12 173.65 222.12 173.65 250.89 115.77 250.89
0 0.8 25.85 221.76 97.93 221.76 97.93 253.80 25.85 253.80
0 0.8 174.02 218.11 314.54 226.12 312.72 259.62 172.20 251.61