0 0.8 305.65 11.92 387.37 14.57 386.48 41.95 304.77 39.30
0 0.8 123.23 56.52 181.10 61.38 179.33 83.90 121.47 79.04
0 0.8 424.91 52.55 425.35 99.80 273.85 101.12 273.41 53.87
0 0.8 333.48 85.67 370.58 85.67 370.58 102.89 333.48 102.89
0 0.8 240.28 87.87 240.72 144.40 66.25 146.16 65.81 89.64
0 0.8 431.54 94.94 436.40 192.97 272.08 200.92 267.23 102.89
0 0.8 208.48 126.29 209.81 173.98 124.56 176.19 123.23 128.50
0 0.8 67.14 167.36 249.12 168.68 248.67 197.83 66.70 196.50
0 0.8 276.06 197.83 427.56 197.83 427.56 226.53 276.06 226.53
0 0.8 90.11 200.48 229.68 200.48 229.68 230.94 90.11 230.94
0 0.8 90.99 226.97 121.47 226.97 121.47 238.45 90.99 238.45
0 0.8 151.50 226.97 224.38 226.97 224.38 239.33 151.50 239.33
0 0.8 278.71 229.18 427.12 229.18 427.12 260.09 278.71 260.09
0 0.8 278.71 254.79 424.47 256.56 424.03 272.89 278.27 271.13
0 0.8 186.40 262.30 186.84 285.70 118.37 287.02 117.93 263.62
0 0.8 390.46 282.17 390.90 310.43 304.33 311.75 303.89 283.49