0 0.8 150.87 46.37 187.56 46.37 187.56 59.10 150.87 59.10
0 0.8 172.27 69.80 199.29 74.39 197.25 85.60 170.23 80.50
0 0.8 138.63 67.76 163.61 90.18 115.19 145.21 90.21 122.79
0 0.8 200.82 81.01 226.30 113.62 211.01 125.85 185.52 93.24
0 0.8 427.12 93.24 428.64 139.10 300.20 142.66 298.67 96.81
0 0.8 156.47 101.39 189.60 106.49 187.05 121.77 153.92 116.68
0 0.8 256.37 118.21 266.56 194.12 65.24 221.13 55.05 145.21
0 0.8 382.77 154.38 385.32 182.40 318.04 188.52 315.49 160.50
0 0.8 206.93 187.50 225.28 195.65 210.50 228.77 192.66 220.62
0 0.8 424.06 182.40 431.70 227.24 243.12 260.36 235.47 215.52
0 0.8 200.31 193.61 204.89 221.64 129.97 233.36 125.38 205.33
0 0.8 103.98 206.35 119.78 216.03 111.11 230.30 95.31 220.11
0 0.8 226.30 198.71 232.93 286.85 89.19 297.55 82.57 209.41