0 0.8 30.58 2.55 514.78 24.46 512.23 72.86 28.54 50.95
0 0.8 514.78 37.19 515.29 185.97 -41.79 188.01 -42.30 39.23
0 0.8 131.50 137.06 375.64 137.06 375.64 173.74 131.50 173.74
0 0.8 354.74 168.65 355.25 198.71 157.49 200.24 156.98 170.18
0 0.8 327.73 218.07 410.81 218.07 410.81 247.11 327.73 247.11
0 0.8 234.96 219.09 335.88 219.09 335.88 249.66 234.96 249.66
0 0.8 130.48 218.58 230.89 220.11 230.38 252.72 129.97 251.19
0 0.8 88.18 223.17 88.69 252.21 -2.04 253.74 -2.55 224.69
0 0.8 355.76 245.58 484.71 248.64 484.20 275.14 355.25 272.08
0 0.8 260.96 243.04 357.29 252.72 354.23 281.76 257.90 272.08
0 0.8 154.94 247.11 257.39 251.19 256.37 281.76 153.92 277.68
0 0.8 19.37 248.13 150.87 251.19 149.85 285.33 18.35 282.27
0 0.8 355.25 272.08 357.29 324.56 171.25 332.20 169.22 279.72