0 0.8 173.34 12.06 180.17 55.88 25.34 79.60 18.50 35.78
0 0.8 269.46 28.14 274.28 69.95 181.78 80.80 176.96 38.99
0 0.8 16.49 65.93 197.87 68.74 197.07 109.75 15.68 106.93
0 0.8 191.43 77.59 270.26 77.59 270.26 96.08 191.43 96.08
0 0.8 156.04 124.22 277.10 129.85 274.68 183.32 153.63 177.69
0 0.8 20.91 135.08 146.79 142.71 142.77 207.84 16.89 200.20
0 0.8 173.74 167.64 256.18 174.07 253.77 203.42 171.33 196.98
0 0.8 28.55 182.11 141.97 194.57 138.75 223.92 25.34 211.46
0 0.8 28.15 212.66 139.15 214.67 138.35 258.89 27.35 256.88
0 0.8 45.45 252.86 121.86 258.09 120.25 280.60 43.84 275.38
0 0.8 163.68 267.74 267.85 267.74 267.85 293.07 163.68 293.07